Building DAG of jobs...
Using shell: /bin/bash
Provided cores: 1 (use --cores to define parallelism)
Rules claiming more threads will be scaled down.
Job counts:
	count	jobs
	1	all
	243	dbcan
	243	dbcan_filter
	179	gff2table
	64	ncbi2table
	243	pfam_scan
	179	proteins
	243	puls
	1395
Select jobs to execute...

[Tue Jan 19 22:54:50 2021]
rule proteins:
    input: genomes/GCA_002344345.1_1952870_genomic.fna.gz
    output: proteins/GCA_002344345.1_1952870_protein.faa, proteins/GCA_002344345.1_1952870_prodigal.gff
    jobid: 177
    wildcards: id=GCA_002344345.1_1952870

Activating conda environment: /home/ecutts/PULpy/.snakemake/conda/92fac007
[Tue Jan 19 22:55:19 2021]
Finished job 177.
1 of 1395 steps (0.07%) done
Select jobs to execute...

[Tue Jan 19 22:55:19 2021]
rule ncbi2table:
    input: ncbi_feature_table/GCA_002698985.1_2026790_feature_table.txt, proteins/GCA_002698985.1_2026790_protein.faa
    output: feature_table/GCA_002698985.1_2026790_ft.txt
    jobid: 306
    wildcards: id=GCA_002698985.1_2026790

[33mJob counts:
	count	jobs
	1	ncbi2table
	1[0m
[Tue Jan 19 22:55:19 2021]
Finished job 306.
2 of 1395 steps (0.14%) done
Select jobs to execute...

[Tue Jan 19 22:55:20 2021]
rule pfam_scan:
    input: proteins/GCA_000212735.1_760192_protein.faa
    output: pfam/GCA_000212735.1_760192.pfam
    jobid: 8
    wildcards: id=GCA_000212735.1_760192

Activating conda environment: /home/ecutts/PULpy/.snakemake/conda/92fac007
[173] [60,63] [59,62] [59,62] [147] [264] [76,152,176] [69] [132] [60] [130][61] [54] [132] [214,336,431] [337] [66][63] [9,85] [134] [189] [471] [379] [219,239] [48] [105][59] [162] [177] [98] [167] [112] [15,20] [114,126][76] [241] [201,223] [493,529] [172] [140][144] [139][151] [411] [146,176,253] [78,170,172] [242] [95] [191,290] [155,168,172] [193] [219,359] [313,395] [77,163] [809,858] [181,230,246] [181,218,234] [550,597] [378,430] [40,113,150] [327] [260] [85,122,191] [252] [74] [234][52] [22] [41] [28,31] [94] [110] [87] [162] [104,176] [1025] [259] [264] [411] [117] [274] [122] [85,122,192] [319] [847] [378] [88] [348,378] [145][141] [307,491] [242] [315] [74,145] [323,396] [41,96] [77,114,185] [90] [363] [111,131] [442] [151] [161][165] [256] [45,48] [35,208] [34,203] [275] [250] [173] [529] [307] [337] [78] [79,139] [145][149] [359] [175][179] [92,186] [325,405] [214,260,470] [56,59] [383] [57] [162,266][160,266] [487,573,605] [138] [321] [299,383,412] [240] [37] [122,174] [353,409] [738] [955,1011] [56] [224] [896] [662] [507] [191,219] [78,176] [73] [49] [213] [247,347] [574] [269] [275] [329] [181] [466] [425,529] [142,155,159] [7,9] [68,105] [102] [257] [231,364,398] [397] [259,407] [31] [746] [975,1032] [579,660,692] [56][107] [289] [121] [163] [144][140] [241] [175] [44] [505] [325] [940] [751] [974,1033] [105,197] [177,229] [546] [304] [239] [151] [60] [170] [203] [286][296] [185][181] [228] [134,176] [129] [454] [125] [442] [418] [284] [124,227,259] [141] [39] [153][157] [154] [67] [318,400] [161,204,369] [96,185] [498] [151] [133] [353,386] [88,196] [260][350] [135,139] [235,285,458][300,458] [160] [233,335] [39] [177] [57,151] [575,588,592] [305] [344,372] [379] [468] [298] [96,163] [65,134,136,141] [168][89] [137,165] [222,259] [125,288] [39,203,207][39,204,207] [113,143,221] [52] [76] [141,197] [57,152] [64] [109] [235] [120] [265] [126] [61,131] [165] [413] [136,237] [545,625,657] [337,339][337,433] [53,129,163] [142] [332] [174,216,389] [115,137] [451][463] [91] [357,387] [227,322] [181] [126,156,233] [76] [200] [40] [185] [188,318] [221] [101,152] [139,152,156] [86] [240] [154,261] [227] [140,287,305] [182] [364,420] [164] [527] [32] [241] [83,141] [680,761,793] [99,199] [430,509] [182] [38] [101,126,175] [107,138,142] [141] [222] [108,224,253] [102] [160] [955,1033] [115,172] [246,280] [231,265] [52] [119] [56][53] [43,71] [276] [260] [317] [118] [159,301,328] [67] [127,227] [348,398] [66,224,242] [266,288][337] [98][95] [53] [96] [202] [91,152] [471,482,497][471,497,501] [61] [61] [284] [129] [390] [169] [31] [138] [176,270,300] [137,170] [140,173] [379] [229] [45,130] [76,135] [79,138] [383,442] [36,176] [128] [386] [242,258] [215] [616] [157,196] [60,63] [161] [7,13,124] [287,319] [165,198,357] [420] [142][146] [147] [174] [97,197] [114] [104,230,269] [142,155,159] [172,223,239,290] [421] [77,107,183] [82] [207] [344] [353] [271,318,373] [47] [40] [332,407] [186,300][186,302] [263] [125] [164][168] [237] [214] [346] [345] [155,277] [70,133] [362] [934] [912,971] [316,401] [49] [168] [80] [61] [211] [293] [531] [171][167] [101,152] [113] [68] [315][341] [298] [134] [510] [186,277] [155,163] [46] [674,747,781] [2,3,59][5] [100] [117] [215,315] [141,234] [646,676] [129,195] [138,220] [89,143] [138,220] [62,93] [87] [204,332] [170] [44] [176,264] [167] [148][144] [304,385] [26,29] [321] [267] [540] [303,305,307] [423] [127] [335] [167] [312][315] [327] [227,301] [649,771] [161,287,327] [63] [477] [353] [163] [96] [313][303] [99,199] [342,399] [47][44] [41,69] [236] [78] [143] [164,219,392] [179] [462] [158] [93] [249,305] [53] [69][21] [367] [206] [189,288] [530] [116] [256,286] [114,141] [335] [38] [490] [79] [102] [141,174] [638] [161] [165] [133] [118] [865] [42,137,148] [354] [115] [256,286] [280][288] [43] [79] [111] [273,347] [102][126] [37] [119] [57,82] [227] [19] [54] [188,238,254,308] [183,190] [66,99] [244] [103] [169,249] [284,419] [77,80,290] [40,106,140] [54,219] [44,119,149] [211] [85] [899,913,915] [247] [176] [500] [181,282][181,284] [194] [14] [160,293] [163,204,363] [57] [134] [309] [33] [491,502,517][491,517,521] [31,118] [36,111] [80] [132] [55] [25,160] [193] [94,193] [135,160,209] [13,41] [129] [255] [3,8] [267] [103,157,189] [467,470,531] [412] [194] [411] [50] [133,135,157] [141][137] [87] [91,155,184] [93,272] [103] [594,669,701] [65] [148][73] [96,224,252] [190] [181,221] [68,120] [107][104] [168,225,397] [913] [320] [65] [107,136] [427,506] [250] [201] [2] [44] [202,222] [182] [84,108] [152][128][129] [138] [426,460] [122] [481] [142] [246,316] [361,389] [68,101] [57] [473][406] [163] [97] [73] [97] [218] [295,306,320][295,320,324] [404,518] [192] [475] [504] [504] [109] [231] [417,467] [420,470] [42,45] [232] [52] [137] [89,152] [82,138] [558,634,666] [92] [75] [71,121] [77,132] [277] [36] [93] [75,187] [243] [46] [214] [772,821] [241] [87] [121] [390,394] [105] [55] [81,167] [308] [198] [79,172] [377,405] [501][498] [216] [707,750] [507] [97,149] [49,109,137,167] [186] [78,153,177] [563] [403,445] [401,443] [242] [112,183] [295][359] [279] [149,209] [150,207] [273][338] [102][99] [126] [46] [445] [130] [38,103,185] [13,43] [150] [206,262] [25,58] [148][144] [197] [153][157] [198,215] [171][167] [192] [183] [322,323] [204] [76,176,178] [8,130] [11,130] [588,663,695] [151] [363,422] [125] [52] [38] [199] [7,9] [104] [140] [423] [62] [245,266][293] [179,276][179,278] [138] [413] [160] [163] [319] [72] [71] [174,278] [277] [407] [433] [316] [76,131] [413,417] [461] [326,354] [443,522] [41,112,148] [189] [263,292,310] [100] [550] [225,240] [377] [157] [63] [161] [61] [69,143,145] [253] [80,177] [171] [125] [131] [152] [25,28] [392] [671] [429,510] [382,462,494] [169] [144,251] [147,160,164] [105] [139] [264] [56,219,222] [285] [76,124] [388,457] [278] [172] [168] [223,355,451] [66] [47,111,137,166] [264,318] [262,296] [172] [137][149] [290,318] [152] [195,254,437] [72] [123] [941,1020] [159] [167] [77] [170] [499] [83,177] [470] [562] [493] [149] [151] [135,252,282] [142] [36] [120,150,227] [368] [101][136] [491] [712] [111] [831,881] [100,202] [363] [44] [91,203,231] [365,446] [427] [738] [962,1020] [370] [209] [563] [164] [165] [483] [158,246,278] [167,256,488][256,295] [483][414] [118] [232] [152] [24] [752,841,873] [186,238] [93] [364,406] [110,150] [72] [272] [626,746] [109] [111,209] [92] [247,303] [160] [38,68,138] [85,177] [139] [86] [218,334,453] [169][136] [107,144,159] [675] [520] [225] [404,408] [649] [270] [172] [247,302,386] [290] [66] [34,214] [363,540] [119] [89,206,208] [552,629] [328] [156][160] [132,158,314][132,282,314] [188] [223,259,442] [20,38] [25] [46,211] [149,162,166] [31] [521,555] [159] [291] [302] [46,50,138] [162] [649] [140] [84,124,196] [156][160] [219,253] [58] [13] [156,264] [194,247] [331] [864] [143,156,160] [143,296,316] [173] [160,167] [75,112,182] [106,168] [116,336,338] [175,298] [242] [66] [122] [572,657,692] [173] [378,437] [185] [182,216] [45,72,192] [275] [552] [160] [181] [47] [153] [195] [147] [168,370] [293,327] [141] [159,199,226] [111] [647,722,755] [100,152] [100,152] [57] [378,437] [475] [359,415] [87,147] [254,285] [465] [156] [119] [287] [366] [241] [83] [174,277] [88,182] [123][126] [79] [202,239,434][256,434] [745,758,760] [315,326,340][315,340,344] [38] [100,151] [262,348,350] [205,340] [247] [316] [328] [792,826] [141,143] [51] [149,203,374] [141] [289] [54] [102] [528] [24,68,107] [192,300] [306] [183] [842] [437,512] [972,1074] [168,274] [147,242,274] [144][140] [613,686,718] [857] [138] [504] [216] [144] [101,202] [79,139] [51,165] [421,499] [46,57] [79,170,172] [89] [357,387] [282] [95,212,240] [81,170] [523,724] [254] [424] [523] [166,334] [88] [64,91,183] [948] [127,131] [211] [102,317][296] [193] [157] [124,226,260] [231,327] [10] [151][74] [79] [553] [115,135] [55] [783] [285] [170,258,471][258,292] [96] [252] [251] [50] [97] [196] [57] [85,201,233][85,107,233] [277] [652] [59] [231] [737] [507] [156] [97,169] [199,322] [82,173] [107] [140] [306] [184] [149][153] [146,240] [862] [184] [195] [243] [207] [122,160] [275] [528] [903] [161][165] [102,153] [153] [153][165] [592,612] [89] [345,375] [138][95] [146] [165,290] [288] [180] [65] [537,622,657] [478,542] [270] [220,294] [688] [184] [162] [62,132] [156] [210,263] [134,136,158] [141][137] [9,15,109] [143] [156] [88,149] [928] [71,129] [222] [167,201,216] [167] [156,163][159] [137,291,320] [232,261,291] [301] [199] [40,43] [849][853] [323] [48] [473] [502] [117,176,246] [152] [363,392][363,383] [92,183] [121] [101,222,250] [234,263,295] [363] [79,152] [564,647,682] [384,510,512] [10,16,106][10,83,90] [8,106,151] [396] [143] [111,199] [808,856] [73,227,245] [65,281,455] [121] [88,158] [104,170] [396] [93,192] [193,214] [85,122,191] [181,290] [103] [107,210,212] [117] [130] [75,96] [270] [113,156] [11,104] [398] [327] [85,139] [174] [63] [82][137] [579] [173] [151,164,168] [148] [60] [45] [444] [110] [257,285,448] [328] [109,140,303] [68] [49,85] [350] [51] [9,82][150] [449] [106,203] [51] [355,386,514] [74] [117] [7] [340] [153] [506] [403] [211] [76,77] [8,10] [229,267,473] [200][149] [406] [141,217][224] [67] [170] [127,239] [301][309] [181] [476] [394] [44] [158] [191] [224,241] [36] [147] [116] [282,312] [103] [146,159,163] [186,283] [34,202,205] [209] [194,266,290] [148,190] [236] [84] [370] [367] [189] [181] [179] [69,160] [554] [291,373] [346,375][346,366] [240,269,288] [445,484] [199] [72,90] [105,200] [293,367,395] [103,324,327] [56] [84] [422,572,575] [678] [147,258,290] [76] [327,356] [104,240,671] [271] [64] [117,119,146] [131,132,155][130,132,155] [123,135][85] [91] [248,304] [173][124] [378] [105] [209,331][209,333] [55] [86,136] [44,72] [75] [309] [85] [167] [60] [219] [360] [79] [41] [518] [77] [229] [923] [116] [474] [441] [177,213] [123,125] [766] [981,1038] [56] [105,191] [96,217] [162] [88] [262] [39,257,260] [537] [99,187] [123][51] [274] [343] [372][306] [526] [105,227] [355,444] [106] [94] [598][516] [175] [91,93,96] [258] [56] [576,654,686] [496] [193] [575] [329] [84,157,162] [113] [95,152] [95,148] [85,122] [530] [103] [73] [447][371] [229] [379] [192] [301,338,564][353,564] [169] [68,105] [103] [101,152] [101,152] [101,152] [418] [169] [204] [319] [50,245,248] [103] [142,158,162][152,162] [497] [163][167] [149][153] [61] [117] [55] [157,158,188] [Tue Jan 19 23:33:01 2021]
Finished job 8.
3 of 1395 steps (0.22%) done
Select jobs to execute...

[Tue Jan 19 23:33:01 2021]
rule proteins:
    input: genomes/GCA_012031245.1_2202734_cds_from_genomic.fna.gz
    output: proteins/GCA_012031245.1_2202734_cds_from_protein.faa, proteins/GCA_012031245.1_2202734_cds_from_prodigal.gff
    jobid: 891
    wildcards: id=GCA_012031245.1_2202734_cds_from

Activating conda environment: /home/ecutts/PULpy/.snakemake/conda/92fac007
[Tue Jan 19 23:33:12 2021]
Finished job 891.
4 of 1395 steps (0.29%) done
Select jobs to execute...

[Tue Jan 19 23:33:12 2021]
rule proteins:
    input: genomes/GCA_003563835.1_2026790_genomic.fna.gz
    output: proteins/GCA_003563835.1_2026790_protein.faa, proteins/GCA_003563835.1_2026790_prodigal.gff
    jobid: 543
    wildcards: id=GCA_003563835.1_2026790

Activating conda environment: /home/ecutts/PULpy/.snakemake/conda/92fac007
[Tue Jan 19 23:33:25 2021]
Finished job 543.
5 of 1395 steps (0.36%) done
Select jobs to execute...

[Tue Jan 19 23:33:25 2021]
rule ncbi2table:
    input: ncbi_feature_table/GCA_014349155.1_1517758_feature_table.txt, proteins/GCA_014349155.1_1517758_protein.faa
    output: feature_table/GCA_014349155.1_1517758_ft.txt
    jobid: 1296
    wildcards: id=GCA_014349155.1_1517758

[33mJob counts:
	count	jobs
	1	ncbi2table
	1[0m
[Tue Jan 19 23:33:26 2021]
Finished job 1296.
6 of 1395 steps (0.43%) done
Select jobs to execute...

[Tue Jan 19 23:33:26 2021]
rule pfam_scan:
    input: proteins/GCA_003563835.1_2026790_protein.faa
    output: pfam/GCA_003563835.1_2026790.pfam
    jobid: 542
    wildcards: id=GCA_003563835.1_2026790

Activating conda environment: /home/ecutts/PULpy/.snakemake/conda/92fac007
[151][155] [132] [75] [120] [158,212,387] [106] [63] [114] [254] [174][125] [159][163] [139] [184] [158] [427,502,535] [89] [166,255,487][255,294] [29] [185] [88,195] [202] [128,132] [44,106,132,160] [233] [150] [335] [519] [54] [62] [52] [186] [80,83] [314] [294] [79,170,172] [106,117] [102] [4] [96,98] [218,344,346] [92] [79] [127] [44,72] [93] [59] [175] [117,169] [142,155,159] [260,291] [152][156] [163] [90,141] [75,209,237] [259] [41] [55,80] [151] [569,652,687] [150] [147][128] [137] [34] [130][61] [325] [59][56] [122] [89,244,265] [79] [139] [147] [278] [77] [123][54] [300] [31] [264,412] [130][61] [147,203] [145,203] [278] [326] [119,131] [7,13,123] [80,129] [221] [395] [141,573,614] [162,265][160,265] [63] [130] [105] [188,318] [45,72,192] [186] [242] [476] [274] [139][135] [124,148,152] [124] [37] [277] [34] [30,33] [357] [75] [199] [10][14] [198,236,425][253,425] [135] [155] [75,96] [38,85,129] [302,461][287,461] [217,239][288] [213] [9] [133] [109] [126] [124,140,231] [142,155,159] [111] [79] [133] [253] [413] [65] [169,197] [333,366] [425,459] [44,126] [574,659,694] [128,161] [376] [374] [90] [346,376] [76] [41] [207] [160,225] [573] [76,79] [145] [14,19] [249] [47,75] [278] [103] [356,384] [65,98] [244,265][292] [170] [246] [324] [160,167] [475,562,594] [175] [82] [236] [155][159] [91,174] [186,282] [82] [74] [108] [55][52] [237] [133] [152] [143] [258] [56] [69] [473][406] [101] [345] [317] [529] [255] [654] [150] [206,262] [634] [435] [295] [91,155,184] [546,585] [46] [296,325] [212,246] [258] [48] [95] [139][151] [189] [207] [11,104] [202] [163] [304] [76] [206] [116,146,223] [555,630,662] [244,273,291] [349] [169] [62,132] [113,137,141] [66] [64][62] [503,675,678] [117,119,146] [192] [262] [92,93] [338] [166,179,183] [175] [52] [61,131] [128] [814,827,829] [562] [112,250,652] [124,195] [33] [361] [169] [62] [291][310] [79,170,172] [208] [157] [60] [129] [163] [288] [349,430] [56] [192,221] [237,267,435] [86] [49,89] [35] [469] [144,179] [184] [163] [241] [149] [18,22] [143,218,252] [318] [117] [88] [348,378] [406] [306][325] [159] [71] [121,177] [103] [65] [143][139] [111,199,416][199,238] [365] [39] [240,242,244] [80,171] [4,9] [596][520] [190] [530] [114] [254,284] [69] [298,355] [142] [249,319] [156,253][154,253] [207] [88] [357] [262] [45] [260] [137][149] [49] [238] [160] [144] [249,264] [100] [37] [277] [388] [217,416] [121] [168] [313,324,338][313,338,342] [292,320] [503,536] [203,231] [214] [98,170] [363] [60] [329] [83,123] [353] [58] [56] [137,291,320][137,242,320] [223] [290] [138] [69][21] [204] [93] [51] [449] [193] [269] [164] [120] [391,395] [121] [110][100] [155,263][153,263] [189] [52] [232] [121] [145][141] [65] [354] [148,178,256] [334] [320] [141] [276] [170] [151][74] [154][158] [323,405] [36,91] [151,234] [72,93] [235] [241] [217] [96,177,209] [49,88] [14] [48] [146] [25,58] [37] [115,186] [95] [61,64] [74] [121] [294] [300] [316] [175][85] [88][85] [102] [289] [120,220,255] [290] [512,570] [174] [120] [180] [170] [420,424] [296] [22,98] [535] [303] [433] [225] [174,231,403] [373,432] [244,276] [374] [142,158] [40,43] [45] [166] [302,313,327][302,327,331] [273,320,375] [116,136] [170] [168] [222,275] [523] [388] [92,271] [76] [192] [199,232] [272] [303] [218,320] [230] [136,229] [67] [158][135][136] [72,129] [57] [169] [20] [76,132] [112,113] [213] [79] [138][63] [252,286] [89,107] [Tue Jan 19 23:50:15 2021]
Finished job 542.
7 of 1395 steps (0.50%) done
Select jobs to execute...

[Tue Jan 19 23:50:15 2021]
rule proteins:
    input: genomes/GCA_013414645.1_2202734_cds_from_genomic.fna.gz
    output: proteins/GCA_013414645.1_2202734_cds_from_protein.faa, proteins/GCA_013414645.1_2202734_cds_from_prodigal.gff
    jobid: 1251
    wildcards: id=GCA_013414645.1_2202734_cds_from

Activating conda environment: /home/ecutts/PULpy/.snakemake/conda/92fac007
[Tue Jan 19 23:50:31 2021]
Finished job 1251.
8 of 1395 steps (0.57%) done
Select jobs to execute...

[Tue Jan 19 23:50:31 2021]
rule proteins:
    input: genomes/GCA_000250635.1_984262_cds_from_genomic.fna.gz
    output: proteins/GCA_000250635.1_984262_cds_from_protein.faa, proteins/GCA_000250635.1_984262_cds_from_prodigal.gff
    jobid: 21
    wildcards: id=GCA_000250635.1_984262_cds_from

Activating conda environment: /home/ecutts/PULpy/.snakemake/conda/92fac007
[Tue Jan 19 23:50:49 2021]
Finished job 21.
9 of 1395 steps (0.65%) done
Select jobs to execute...

[Tue Jan 19 23:50:49 2021]
rule dbcan:
    input: proteins/GCA_002344345.1_1952870_protein.faa
    output: dbcan/GCA_002344345.1_1952870.out.dm, dbcan/GCA_002344345.1_1952870.out
    jobid: 179
    wildcards: id=GCA_002344345.1_1952870

Activating conda environment: /home/ecutts/PULpy/.snakemake/conda/92fac007
[Tue Jan 19 23:51:56 2021]
Finished job 179.
10 of 1395 steps (0.72%) done
Select jobs to execute...

[Tue Jan 19 23:51:56 2021]
rule dbcan_filter:
    input: dbcan/GCA_002344345.1_1952870.out.dm
    output: dbcan/GCA_002344345.1_1952870.out.dm.ps, dbcan/GCA_002344345.1_1952870.out.dm.ps.filtered
    jobid: 178
    wildcards: id=GCA_002344345.1_1952870

[Tue Jan 19 23:51:56 2021]
Finished job 178.
11 of 1395 steps (0.79%) done
Select jobs to execute...

[Tue Jan 19 23:51:56 2021]
rule pfam_scan:
    input: proteins/GCA_000250635.1_984262_cds_from_protein.faa
    output: pfam/GCA_000250635.1_984262_cds_from.pfam
    jobid: 20
    wildcards: id=GCA_000250635.1_984262_cds_from

Activating conda environment: /home/ecutts/PULpy/.snakemake/conda/92fac007
[366] [76,203,238] [588,663,695] [83] [433] [159] [128,220] [240] [711,754] [102] [153] [47] [204] [146] [46] [189] [296] [88] [351,381] [162][144] [505] [382,508,510] [170] [78][30] [165] [358] [158] [138] [232] [243] [185][167] [176][158] [163] [325] [1026] [34,39,54] [271] [161] [169,180,194][169,194,198] [288,299,313][288,313,317] [76,188] [116,168,199] [68,101] [89,195] [210] [77] [23,26] [106] [70][69] [72,162] [326] [72] [317] [171] [177][159] [278,321] [138] [178][160] [278] [146,200,372] [100,103] [121] [201] [389] [184] [262] [156,252] [167] [180] [244,273,291] [966] [84] [49] [68,181,200] [65][54] [25,58] [155,194] [204,339] [146][142] [242] [197,214] [151,204] [12,40] [185,312] [355] [458,493] [77] [275,303] [38] [163] [605,687,722] [45] [451] [181] [84,220,646] [57] [107] [149] [91] [233] [67] [149] [131] [92] [356] [86] [269] [868][857] [299] [84,108,234] [341,343] [316] [154,190] [121] [230,264] [134] [61,131] [105] [76] [69] [427,429,431] [111] [180,220,399] [163] [71,144] [232] [72,90] [135] [37] [79,146] [137] [253,285] [160,199] [162] [120] [301,329] [142] [141] [14] [488] [165] [87,157] [164][168] [119] [225] [106,107] [360] [115,135] [313] [108] [135,229,259] [241,268,436][283,436] [266] [499,586,618] [949,999] [255,332,366] [45,48] [8,79] [263,288][235] [83,141] [87] [214] [478,489,505][478,505,509] [244] [281] [463] [237] [190,251] [612] [34] [189] [471] [114,144,226] [74] [199] [53] [170] [48] [163,170] [143] [89] [293] [148,190] [420] [97] [11,14] [99] [67] [19] [70] [129] [177] [48] [281] [371] [150][154] [249,280] [105] [148] [591,639] [74,233,253] [188,318] [152] [148,178,256] [158] [119] [285] [364] [63] [65] [78] [36] [89] [135,136,159][134,136,159] [117,119,146] [150] [206,262] [530] [91,155,184] [280] [276] [141,199,372] [244] [80] [245,319] [667,786] [39] [648] [330] [256,284,447] [175,263,479][263,302] [162][158] [219] [62][59] [69] [257,286,313] [192] [3,8] [470][403] [161] [127] [302] [93] [102,154] [55] [129] [369,447] [927,943,945] [35,82,126] [247] [13] [38] [195][144] [340] [26] [52,80] [138][94] [170,204] [422,501] [2] [62] [133] [77] [234] [132] [51,119][126] [294] [184,191] [94] [189] [106] [592] [339] [82,169,171] [861] [9,131] [629,659] [231,327] [186] [289][354] [147,202] [161,219] [222] [147] [151] [406] [93] [179,218] [63] [184] [108,132,260][108,232,260] [211,343,417] [267,289][338] [353] [69] [330] [7,13,123] [126,203][210] [186] [489] [37] [126] [525] [89,92] [71] [194] [69,70] [215] [388] [106] [80] [341] [138,179] [61,64] [302][322] [47] [126,180,356] [117] [104,175] [81] [165] [109,226,254] [160] [63] [56][53] [41] [272,319,374] [270,304] [140][152] [582,602] [89] [345,375] [102] [64] [166,246] [60][8] [130] [164] [125,175] [112,134] [447][459] [280] [327,402] [131][62] [45,73] [109,149] [235] [159] [23,102] [158][107] [222,256] [66] [174] [391,395] [153,156] [56,137] [96] [47] [123] [87,206,236][87,117,236] [248] [294,456][279,456] [117] [279,309] [798,815,817] [155,239,271] [12,15] [91,203,231] [356,440] [132] [264,316] [480][425] [397] [265,296] [106,205,235] [366,449] [76] [304] [131] [255,306,381] [45,72,192] [15] [170] [229] [139][151] [149][153] [85,131] [329,357] [107] [483] [707] [138] [274,310] [384] [218,397] [57] [51] [625] [757,812,996] [98,170] [163,220,402] [154,162] [409] [791,825] [22] [72] [232,247] [141] [130] [167] [390,394] [29,116] [171] [58] [30,33] [69,72,324] [58] [105][102] [98] [9,85] [120] [242,299] [266] [41,107,141] [64] [112,168,256] [523] [537] [106] [329] [168,195,291] [132,188] [121] [85] [56] [66][63] [8,106,151] [291] [312,473,489] [185] [232] [156,278] [271] [138,163,212] [63] [13] [26] [141] [245,266][293] [41,112,148] [50,113,139,168] [357] [216,232,323] [152] [436] [516] [673] [178] [182] [83] [103] [35,175] [54] [69] [293,327] [363] [116] [87,188] [145,158,162] [177] [460] [350] [204] [129][125] [127,129,153] [201] [264] [571,656,691] [230,246] [109,175] [413,417] [117] [11,85][153] [174] [125,220,248] [262] [167][171] [239] [85] [584,659,691] [332,413] [36,91] [172,174][172,276] [203] [55] [422] [76] [364] [634][638] [132,205] [132,136] [83] [151][147] [44,139,150] [194] [347] [62] [46] [97][94] [107] [158] [390] [156] [210,263] [64] [112] [156][160] [97,224,251] [482] [769] [986,1042] [102,202] [314] [194] [110] [46] [448] [12,101] [245] [34,81,127] [199,252] [181] [135] [114,161] [58,83] [169][165] [351] [92,271] [194] [321,332,346][321,346,350] [35] [57] [76] [134] [127] [82,168,170] [304,306][304,400] [250] [326] [101,228,230] [272] [100,106,218] [160,284] [89] [482][413] [137][149] [63] [91] [359,389] [169,258,490][258,297] [38] [301,303,306] [Wed Jan 20 00:12:14 2021]
Finished job 20.
12 of 1395 steps (0.86%) done
Select jobs to execute...

[Wed Jan 20 00:12:14 2021]
rule proteins:
    input: genomes/GCA_000250635.1_984262_rna_from_genomic.fna.gz
    output: proteins/GCA_000250635.1_984262_rna_from_protein.faa, proteins/GCA_000250635.1_984262_rna_from_prodigal.gff
    jobid: 33
    wildcards: id=GCA_000250635.1_984262_rna_from

Activating conda environment: /home/ecutts/PULpy/.snakemake/conda/92fac007


Error:  Sequence must be 20000 characters (only 19186 read).
(Consider running with the -p meta option or finding more contigs from the same genome.)

[Wed Jan 20 00:12:20 2021]
Error in rule proteins:
    jobid: 33
    output: proteins/GCA_000250635.1_984262_rna_from_protein.faa, proteins/GCA_000250635.1_984262_rna_from_prodigal.gff
    conda-env: /home/ecutts/PULpy/.snakemake/conda/92fac007
    shell:
        zcat genomes/GCA_000250635.1_984262_rna_from_genomic.fna.gz | prodigal -a proteins/GCA_000250635.1_984262_rna_from_protein.faa -q -f gff > proteins/GCA_000250635.1_984262_rna_from_prodigal.gff
        (one of the commands exited with non-zero exit code; note that snakemake uses bash strict mode!)

Removing output files of failed job proteins since they might be corrupted:
proteins/GCA_000250635.1_984262_rna_from_protein.faa, proteins/GCA_000250635.1_984262_rna_from_prodigal.gff
Shutting down, this might take some time.
Exiting because a job execution failed. Look above for error message
Complete log: /home/ecutts/PULpy/.snakemake/log/2021-01-19T225448.303080.snakemake.log
